4294967294,0
4294967279,224
4294967279,535
4294967279,512
4294967278,348
4294967279,561
4294967279,375
4294967279,163
4294967279,513
4294967279,355
4294967278,0
4294967278,260
4294967294,7
4294967279,516
4294967294,6
4294967279,154
4294967278,132
4294967278,131
4294967278,130
4294967278,129
4294967278,128
4294967278,127
4294967278,126
4294967278,125
4294967278,124
4294967278,123
4294967278,122
4294967278,121
4294967278,120
4294967278,119
4294967278,118
4294967278,117
4294967278,116
4294967278,115
4294967278,114
4294967278,113
4294967278,112
4294967278,111
4294967278,110
4294967278,109
4294967278,108
4294967278,107
4294967278,106
4294967278,105
4294967278,104
4294967278,103
4294967278,102
4294967278,101
4294967278,100
4294967278,99
4294967278,98
4294967278,97
4294967278,96
4294967278,95
4294967278,94
4294967278,93
4294967278,92
4294967278,91
4294967278,90
4294967278,89
4294967278,87
4294967278,86
4294967278,85
4294967278,84
4294967278,83
4294967278,82
4294967278,81
4294967278,80
4294967278,79
4294967278,78
4294967278,77
4294967278,76
4294967278,75
4294967278,74
4294967278,73
4294967278,72
4294967278,71
4294967278,70
4294967278,69
4294967278,68
4294967278,67
4294967278,66
4294967278,65
4294967278,64
4294967278,63
4294967278,62
4294967279,79
4294967279,78
4294967279,77
4294967279,75
4294967279,74
4294967279,72
4294967279,70
4294967279,69
4294967279,67
4294967279,66
4294967279,64
4294967279,61
4294967279,56
4294967279,55
4294967279,53
4294967279,50
4294967279,47
4294967279,45
4294967279,44
4294967279,0
4294967279,260
4294967279,37
4294967279,34
4294967279,31
4294967279,28
4294967279,21
4294967279,20
4294967279,19
4294967279,17
4294967279,14
4294967279,12
4294967279,9
4294967279,8
4294967279,7
4294967279,6
4294967279,5
4294967279,4
0,5
4294967279,328
4294967294,1417
4294967294,1422
4294967294,1048
4098,6
4294967278,350
4294967278,347
4098,5
4098,4
4098,3
4098,2
4098,1
4294967279,573
4096,8
4294967279,352
4294967294,1423
4096,7
4096,6
4096,5
4096,4
4096,3
4096,2
4096,1
4294967279,572
4294967294,1074
4294967278,346
4294967278,345
4294967294,1421
4294967278,344
4294967279,571
4092,5
4092,4
4092,3
4092,2
4092,1
4294967278,343
4090,5
4090,4
4090,3
4090,2
4090,1
4294967278,341
4088,5
4088,4
4088,3
4088,2
4088,1
4087,6
4087,5
4087,4
4087,3
4087,2
4087,1
4086,5
4086,4
4086,3
4086,2
4086,1
4085,5
4085,4
4085,3
4085,2
4085,1
4084,5
4084,4
4084,3
4084,2
4084,1
4294967278,340
4082,4
4082,3
4082,2
4082,1
4294967294,497
4294967279,570
4294967278,495
4294967279,569
4294967279,566
4294967278,488
4294967278,334
4294967279,521
4294967293,131
4294967293,130
4294967293,129
4294967293,128
4294967293,127
4294967293,126
4294967293,125
4294967293,124
4294967293,123
4294967293,122
4294967293,121
4294967293,120
4294967293,119
4294967293,118
4294967293,117
4294967293,116
4294967293,115
4294967293,114
4294967293,113
4294967293,112
4294967293,111
4294967293,110
4294967293,109
4294967293,108
4294967293,107
4294967293,106
4294967293,105
4294967293,104
4294967293,103
4294967293,102
4294967293,101
4294967293,100
4294967293,99
4294967293,98
4294967293,97
4294967293,96
4294967293,95
4294967293,94
4294967293,93
4294967293,92
4294967293,91
4294967293,90
4294967293,89
4294967293,88
4294967293,87
4294967293,86
4294967293,85
4294967293,84
4294967293,83
4294967293,82
4294967293,81
4294967293,80
4294967293,79
4294967293,78
4294967293,77
4294967293,76
4294967293,75
4294967293,74
4294967293,73
4294967293,72
4294967293,71
4294967293,70
4294967293,69
4294967293,68
4294967293,67
4294967293,66
4294967293,65
4294967293,64
4294967293,63
4294967293,62
4294967293,61
4294967293,60
4294967293,59
4294967293,58
4294967293,57
4294967293,56
4294967293,55
4294967293,54
4294967293,53
4294967293,52
4294967293,51
4294967293,50
4294967293,49
4294967293,48
4294967293,47
4294967293,46
4294967293,45
4294967293,44
4294967293,43
4294967293,42
4294967293,41
4294967293,40
4294967293,39
4294967293,38
4294967293,37
4294967293,36
4294967293,35
4294967293,34
4294967293,33
4294967293,32
4294967293,31
4294967293,30
4294967293,29
4294967293,28
4294967293,27
4294967293,26
4294967293,25
4294967293,24
4294967293,23
4294967293,22
4294967293,21
4294967293,20
4294967293,19
4294967293,18
4294967293,17
4294967293,16
4294967293,15
4294967293,14
4294967293,13
4294967293,12
4294967293,11
4294967293,10
4294967293,9
4294967293,8
4294967293,7
4294967293,6
4294967293,5
4294967293,4
